Accuracy: 0.75
Precision: 0.7272727272727273
Recall: 0.8
F1: 0.761904761904762
