Accuracy: 0.95
Precision: 0.9090909090909091
Recall: 1.0
F1: 0.9523809523809523
