Accuracy: 0.8
Precision: 0.7142857142857143
Recall: 1.0
F1: 0.8333333333333333
