Accuracy: 0.75
Precision: 0.8571428571428571
Recall: 0.6
F1: 0.7058823529411764
