Accuracy: 0.75
Precision: 0.6923076923076923
Recall: 0.9
F1: 0.7826086956521738
