Accuracy: 0.65
Precision: 0.7142857142857143
Recall: 0.5
F1: 0.588235294117647
