Accuracy: 0.65
Precision: 0.6666666666666666
Recall: 0.6
F1: 0.631578947368421
