Accuracy: 0.85
Precision: 0.8888888888888888
Recall: 0.8
F1: 0.8421052631578948
