Accuracy: 0.75
Precision: 0.7777777777777778
Recall: 0.7
F1: 0.7368421052631577
