Accuracy: 0.9
Precision: 0.8333333333333334
Recall: 1.0
F1: 0.9090909090909091
