Accuracy: 0.85
Precision: 0.7692307692307693
Recall: 1.0
F1: 0.8695652173913044
