Accuracy: 0.85
Precision: 0.8181818181818182
Recall: 0.9
F1: 0.8571428571428572
